0    0.0000    54.4657
 1    0.2857    54.7514
 2    0.5714    55.0371
 3    0.8571    55.3228
 4    1.1428    55.6085
 5    1.4285    55.8942
 6    1.7142    56.1799
 7    1.9999    56.4656
 8    2.2856    56.7513
 9    2.5713    57.0370
10    2.8570    57.3227
11    3.1427    57.6084
12    3.4284    57.8941
13    3.7141    58.1798
14    3.9998    58.4655
15    4.2855    58.7512
16    4.5712    59.0369
17    4.8569    59.3226
18    5.1426    59.6083
19    5.4283    59.8940
20    5.7140    60.1797
21    5.9997    60.4654
22    6.2854    60.7511
23    6.5711    61.0368
24    6.8568    61.3225
25    7.1425    61.6082
26    7.4282    61.8939
27    7.7139    62.1796
28    7.9996    62.4653
29    8.2853    62.7510
30    8.5710    63.0367
31    8.8567    63.3224
32    9.1424    63.6081
33    9.4281    63.8938
34    9.7138    64.1795
35    9.9995    64.4652
36    10.2852    64.7509
37    10.5709    65.0366
38    10.8566    65.3223
39    11.1423    65.6080
40    11.4280    65.8937
41    11.7137    66.1794
42    11.9994    66.4651
43    12.2851    66.7508
44    12.5708    67.0365
45    12.8565    67.3222
46    13.1422    67.6079
47    13.4279    67.8936
48    13.7136    68.1793
49    13.9993    68.4650
50    14.2850    68.7507
51    14.5707    69.0364
52    14.8564    69.3221
53    15.1421    69.6078
54    15.4278    69.8935
55    15.7135    70.1792
56    15.9992    70.4649
57    16.2849    70.7506
58    16.5706    71.0363
59    16.8563    71.3220
60    17.1420    71.6077
61    17.4277    71.8934
62    17.7134    72.1791
63    17.9991    72.4648
64    18.2848    72.7505
65    18.5705    73.0362
66    18.8562    73.3219
67    19.1419    73.6076
68    19.4276    73.8933
69    19.7133    74.1790
70    19.9990    74.4647
71    20.2847    74.7504
72    20.5704    75.0361
73    20.8561    75.3218
74    21.1418    75.6075
75    21.4275    75.8932
76    21.7132    76.1789
77    21.9989    76.4646
78    22.2846    76.7503
79    22.5703    77.0360
80    22.8560    77.3217
81    23.1417    77.6074
82    23.4274    77.8931
83    23.7131    78.1788
84    23.9988    78.4645
85    24.2845    78.7502
86    24.5702    79.0359
87    24.8559    79.3216
88    25.1416    79.6073
89    25.4273    79.8930
90    25.7130    80.1787
91    25.9987    80.4644
92    26.2844    80.7501
93    26.5701    81.0358
94    26.8558    81.3215
95    27.1415    81.6072
96    27.4272    81.8929
97    27.7129    82.1786
98    27.9986    82.4643
99    28.2843    82.7500
